r	boost_fr	poly_fr
0.01	110.976		99.9982
0.02	55.4583		49.9964
0.03	36.9429		33.3279
0.04	27.679		24.9928
0.05	22.1163		19.991
0.06	18.4045		16.6558
0.07	15.7505		14.2731
0.08	13.7579		12.4856
0.09	12.2064		11.0949
0.1	10.9637		9.98197
0.11	9.94563		9.07108
0.12	9.09617		8.3117
0.13	8.37646		7.66888
0.14	7.75873		7.11763
0.15	7.22263		6.63964
0.16	6.75289		6.22118
0.17	6.33784		5.85173
0.18	5.96838		5.52314
0.19	5.63734		5.22895
0.2	5.33899		4.96399
0.21	5.06866		4.7241
0.22	4.82257		4.50586
0.23	4.59756		4.30644
0.24	4.39101		4.12349
0.25	4.20073		3.95504
0.26	4.02484		3.7994
0.27	3.86176		3.65517
0.28	3.71012		3.52111
0.29	3.56876		3.39617
0.3	3.43665		3.27944
0.31	3.31291		3.17014
0.32	3.19676		3.06755
0.33	3.08751		2.97108
0.34	2.98457		2.88017
0.35	2.88739		2.79437
0.36	2.79552		2.71323
0.37	2.70851		2.63638
0.38	2.62599		2.56349
0.39	2.54762		2.49424
0.4	2.4731		2.42838
0.41	2.40214		2.36564
0.42	2.33449		2.3058
0.43	2.26994		2.24867
0.44	2.20826		2.19406
0.45	2.14928		2.1418
0.46	2.09281		2.09174
0.47	2.03871		2.04373
0.48	1.98682		1.99766
0.49	1.93702		1.9534
0.5	1.88917		1.91084
0.51	1.84318		1.86988
0.52	1.79893		1.83043
0.53	1.75632		1.79241
0.54	1.71527		1.75574
0.55	1.6757		1.72034
0.56	1.63752		1.68614
0.57	1.60067		1.65309
0.58	1.56508		1.62112
0.59	1.53068		1.59017
0.6	1.49742		1.56021
0.61	1.46524		1.53117
0.62	1.4341		1.50302
0.63	1.40394		1.47571
0.64	1.37471		1.4492
0.65	1.34639		1.42346
0.66	1.31892		1.39845
0.67	1.29227		1.37414
0.68	1.26641		1.3505
0.69	1.2413		1.3275
0.7	1.2169		1.30511
0.71	1.1932		1.28331
0.72	1.17017		1.26206
0.73	1.14776		1.24136
0.74	1.12597		1.22118
0.75	1.10477		1.20149
0.76	1.08413		1.18229
0.77	1.06404		1.16354
0.78	1.04447		1.14523
0.79	1.0254		1.12735
0.8	1.00682		1.10988
0.81	0.988706		1.0928
0.82	0.971045		1.0761
0.83	0.95382		1.05977
0.84	0.937016		1.04379
0.85	0.920619		1.02816
0.86	0.904614		1.01285
0.87	0.88899		0.997867
0.88	0.873732		0.983188
0.89	0.858829		0.968808
0.9	0.84427		0.954715
0.91	0.830044		0.940901
0.92	0.816139		0.927357
0.93	0.802547		0.914075
0.94	0.789258		0.901046
0.95	0.776261		0.888262
0.96	0.763549		0.875716
0.97	0.751113		0.8634
0.98	0.738944		0.851309
0.99	0.727036		0.839435
1	0.715379		0.827772
1.01	0.703967		0.816314
1.02	0.692794		0.805055
1.03	0.681851		0.793989
1.04	0.671134		0.783111
1.05	0.660634		0.772417
1.06	0.650348		0.7619
1.07	0.640268		0.751556
1.08	0.630389		0.741381
1.09	0.620706		0.73137
1.1	0.611214		0.721519
1.11	0.601907		0.711823
1.12	0.592781		0.702279
1.13	0.583831		0.692883
1.14	0.575053		0.683631
1.15	0.566442		0.674519
1.16	0.557993		0.665545
1.17	0.549704		0.656704
1.18	0.54157		0.647994
1.19	0.533587		0.639412
1.2	0.525751		0.630954
1.21	0.518059		0.622617
1.22	0.510508		0.6144
1.23	0.503093		0.606298
1.24	0.495813		0.59831
1.25	0.488663		0.590433
1.26	0.481641		0.582665
1.27	0.474743		0.575002
1.28	0.467967		0.567444
1.29	0.461311		0.559987
1.3	0.45477		0.552629
1.31	0.448343		0.545369
1.32	0.442028		0.538204
1.33	0.435821		0.531133
1.34	0.42972		0.524153
1.35	0.423724		0.517263
1.36	0.417829		0.510461
1.37	0.412033		0.503745
1.38	0.406335		0.497113
1.39	0.400732		0.490564
1.4	0.395223		0.484096
1.41	0.389804		0.477709
1.42	0.384475		0.471399
1.43	0.379234		0.465166
1.44	0.374078		0.459009
1.45	0.369006		0.452925
1.46	0.364016		0.446915
1.47	0.359107		0.440975
1.48	0.354277		0.435106
1.49	0.349524		0.429306
1.5	0.344846		0.423573
1.51	0.340243		0.417907
1.52	0.335713		0.412306
1.53	0.331254		0.40677
1.54	0.326865		0.401297
1.55	0.322545		0.395887
1.56	0.318292		0.390537
1.57	0.314105		0.385248
1.58	0.309983		0.380019
1.59	0.305924		0.374848
1.6	0.301927		0.369734
1.61	0.297991		0.364677
1.62	0.294116		0.359675
1.63	0.290299		0.354729
1.64	0.28654		0.349837
1.65	0.282837		0.344998
1.66	0.279191		0.340212
1.67	0.275598		0.335477
1.68	0.27206		0.330794
1.69	0.268574		0.326161
1.7	0.26514		0.321577
1.71	0.261756		0.317043
1.72	0.258422		0.312557
1.73	0.255138		0.308119
1.74	0.251901		0.303727
1.75	0.248711		0.299383
1.76	0.245568		0.295084
1.77	0.242471		0.29083
1.78	0.239418		0.286621
1.79	0.23641		0.282456
1.8	0.233444		0.278335
1.81	0.230521		0.274257
1.82	0.22764		0.270222
1.83	0.2248		0.266228
1.84	0.222		0.262276
1.85	0.21924		0.258365
1.86	0.216519		0.254495
1.87	0.213837		0.250665
1.88	0.211192		0.246875
1.89	0.208584		0.243124
1.9	0.206013		0.239411
1.91	0.203477		0.235738
1.92	0.200977		0.232102
1.93	0.198511		0.228504
1.94	0.19608		0.224943
1.95	0.193682		0.221419
1.96	0.191317		0.217931
1.97	0.188985		0.21448
1.98	0.186685		0.211064
1.99	0.184416		0.207684
2	0.182178		0.204339
2.01	0.17997		0.201028
2.02	0.177793		0.197752
2.03	0.175645		0.194511
2.04	0.173526		0.191303
2.05	0.171436		0.188128
2.06	0.169373		0.184987
2.07	0.167339		0.181878
2.08	0.165331		0.178803
2.09	0.163351		0.175759
2.1	0.161397		0.172748
2.11	0.159468		0.169769
2.12	0.157566		0.166821
2.13	0.155689		0.163905
2.14	0.153836		0.161019
2.15	0.152008		0.158165
2.16	0.150204		0.155341
2.17	0.148424		0.152547
2.18	0.146667		0.149784
2.19	0.144933		0.147051
2.2	0.143222		0.144347
2.21	0.141533		0.141673
2.22	0.139866		0.139028
2.23	0.138221		0.136412
2.24	0.136597		0.133825
2.25	0.134994		0.131267
2.26	0.133411		0.128738
2.27	0.131849		0.126237
2.28	0.130308		0.123763
2.29	0.128786		0.121318
2.3	0.127283		0.118901
2.31	0.1258		0.116512
2.32	0.124336		0.11415
2.33	0.12289		0.111815
2.34	0.121463		0.109507
2.35	0.120054		0.107227
2.36	0.118662		0.104973
2.37	0.117289		0.102746
2.38	0.115933		0.100546
2.39	0.114593		0.0983723
2.4	0.113271		0.0962248
2.41	0.111966		0.0941034
2.42	0.110676		0.0920081
2.43	0.109403		0.0899387
2.44	0.108146		0.0878951
2.45	0.106905		0.0858772
2.46	0.105679		0.0838849
2.47	0.104468		0.0819179
2.48	0.103273		0.0799763
2.49	0.102092		0.0780599
2.5	0.100926		0.0761687
2.51	0.0997745		0.0743024
2.52	0.0986372		0.072461
2.53	0.0975138		0.0706444
2.54	0.0964044		0.0688525
2.55	0.0953086		0.0670852
2.56	0.0942262		0.0653424
2.57	0.0931572		0.063624
2.58	0.0921012		0.06193
2.59	0.0910582		0.0602601
2.6	0.0900279		0.0586145
2.61	0.0890102		0.0569929
2.62	0.0880049		0.0553952
2.63	0.0870119		0.0538215
2.64	0.0860309		0.0522716
2.65	0.0850618		0.0507455
2.66	0.0841045		0.049243
2.67	0.0831588		0.0477642
2.68	0.0822245		0.0463088
2.69	0.0813015		0.044877
2.7	0.0803896		0.0434685
2.71	0.0794887		0.0420834
2.72	0.0785987		0.0407216
2.73	0.0777193		0.0393829
2.74	0.0768505		0.0380675
2.75	0.0759921		0.0367751
2.76	0.075144		0.0355057
2.77	0.074306		0.0342593
2.78	0.0734781		0.0330359
2.79	0.07266		0.0318353
2.8	0.0718516		0.0306576
2.81	0.0710529		0.0295026
2.82	0.0702637		0.0283703
2.83	0.0694838		0.0272608
2.84	0.0687132		0.0261738
2.85	0.0679517		0.0251095
2.86	0.0671992		0.0240677
2.87	0.0664556		0.0230484
2.88	0.0657208		0.0220515
2.89	0.0649946		0.0210771
2.9	0.064277		0.0201251
2.91	0.0635678		0.0191954
2.92	0.062867		0.0182881
2.93	0.0621744		0.017403
2.94	0.0614899		0.0165402
2.95	0.0608134		0.0156996
2.96	0.0601449		0.0148811
2.97	0.0594841		0.0140849
2.98	0.0588311		0.0133107
2.99	0.0581857		0.0125587
3	0.0575478		0.0118287
3.01	0.0569173		0.0111208
3.02	0.0562942		0.0104349
3.03	0.0556783		0.00977096
3.04	0.0550696		0.00912902
3.05	0.0544679		0.00850904
3.06	0.0538731		0.00791099
3.07	0.0532853		0.00733485
3.08	0.0527042		0.0067806
3.09	0.0521299		0.00624823
3.1	0.0515621		0.00573772
3.11	0.051001		0.00524904
3.12	0.0504462		0.00478219
3.13	0.0498979		0.00433714
3.14	0.0493559		0.0039139
3.15	0.0488201		0.00351243
3.16	0.0482904		0.00313273
3.17	0.0477668		0.00277479
3.18	0.0472492		0.0024386
3.19	0.0467375		0.00212414
3.2	0.0462317		0.00183141
3.21	0.0457316		0.0015604
3.22	0.0452372		0.0013111
3.23	0.0447485		0.0010835
3.24	0.0442654		0.000877594
3.25	0.0437877		0.00069338
3.26	0.0433155		0.000530851
3.27	0.0428486		0.000390001
3.28	0.042387		0.000270827
3.29	0.0419307		0.000173326
3.3	0.0414795		9.74942e-05
3.31	0.0410335		4.33303e-05
3.32	0.0405925		1.08325e-05
3.33	0.0401564		0
3.34	0.0397253		0
3.35	0.0392991		0
3.36	0.0388776		0
3.37	0.038461		0
3.38	0.038049		0
3.39	0.0376416		0
3.4	0.0372388		0
3.41	0.0368405		0
3.42	0.0364467		0
3.43	0.0360573		0
3.44	0.0356723		0
3.45	0.0352916		0
3.46	0.0349152		0
3.47	0.0345429		0
3.48	0.0341748		0
3.49	0.0338108		0
3.5	0.0334509		0
3.51	0.033095		0
3.52	0.032743		0
3.53	0.032395		0
3.54	0.0320508		0
3.55	0.0317105		0
3.56	0.0313739		0
3.57	0.0310411		0
3.58	0.030712		0
3.59	0.0303865		0
3.6	0.0300646		0
3.61	0.0297463		0
3.62	0.0294315		0
3.63	0.0291201		0
3.64	0.0288123		0
3.65	0.0285078		0
3.66	0.0282066		0
3.67	0.0279088		0
3.68	0.0276143		0
3.69	0.027323		0
3.7	0.0270349		0
3.71	0.02675		0
3.72	0.0264682		0
3.73	0.0261894		0
3.74	0.0259138		0
3.75	0.0256412		0
3.76	0.0253715		0
3.77	0.0251048		0
3.78	0.0248411		0
3.79	0.0245802		0
3.8	0.0243221		0
3.81	0.0240669		0
3.82	0.0238145		0
3.83	0.0235648		0
3.84	0.0233179		0
3.85	0.0230736		0
3.86	0.022832		0
3.87	0.022593		0
3.88	0.0223566		0
3.89	0.0221228		0
3.9	0.0218915		0
3.91	0.0216628		0
3.92	0.0214365		0
3.93	0.0212127		0
3.94	0.0209913		0
3.95	0.0207723		0
3.96	0.0205556		0
3.97	0.0203413		0
3.98	0.0201294		0
3.99	0.0199197		0
4	0.0197123		0
4.01	0.0195071		0
4.02	0.0193041		0
4.03	0.0191033		0
4.04	0.0189047		0
4.05	0.0187083		0
4.06	0.0185139		0
4.07	0.0183216		0
4.08	0.0181314		0
4.09	0.0179433		0
4.1	0.0177571		0
4.11	0.017573		0
4.12	0.0173908		0
4.13	0.0172106		0
4.14	0.0170324		0
4.15	0.016856		0
4.16	0.0166815		0
4.17	0.0165089		0
4.18	0.0163381		0
4.19	0.0161692		0
4.2	0.0160021		0
4.21	0.0158367		0
4.22	0.0156732		0
4.23	0.0155113		0
4.24	0.0153512		0
4.25	0.0151928		0
4.26	0.0150361		0
4.27	0.0148811		0
4.28	0.0147277		0
4.29	0.0145759		0
4.3	0.0144257		0
4.31	0.0142772		0
4.32	0.0141302		0
4.33	0.0139848		0
4.34	0.0138409		0
4.35	0.0136986		0
4.36	0.0135578		0
4.37	0.0134184		0
4.38	0.0132806		0
4.39	0.0131442		0
4.4	0.0130092		0
4.41	0.0128757		0
4.42	0.0127436		0
4.43	0.0126128		0
4.44	0.0124835		0
4.45	0.0123555		0
4.46	0.0122289		0
4.47	0.0121036		0
4.48	0.0119797		0
4.49	0.011857		0
4.5	0.0117356		0
4.51	0.0116156		0
4.52	0.0114967		0
4.53	0.0113792		0
4.54	0.0112628		0
4.55	0.0111477		0
4.56	0.0110338		0
4.57	0.0109211		0
4.58	0.0108096		0
4.59	0.0106993		0
4.6	0.0105901		0
4.61	0.010482		0
4.62	0.0103751		0
4.63	0.0102693		0
4.64	0.0101647		0
4.65	0.0100611		0
4.66	0.00995858		0
4.67	0.00985715		0
4.68	0.00975679		0
4.69	0.00965747		0
4.7	0.0095592		0
4.71	0.00946195		0
4.72	0.00936572		0
4.73	0.00927049		0
4.74	0.00917626		0
4.75	0.00908301		0
4.76	0.00899073		0
4.77	0.00889942		0
4.78	0.00880905		0
4.79	0.00871963		0
4.8	0.00863114		0
4.81	0.00854357		0
4.82	0.00845692		0
4.83	0.00837116		0
4.84	0.0082863		0
4.85	0.00820232		0
4.86	0.00811921		0
4.87	0.00803696		0
4.88	0.00795557		0
4.89	0.00787503		0
4.9	0.00779532		0
4.91	0.00771643		0
4.92	0.00763837		0
4.93	0.00756112		0
4.94	0.00748466		0
4.95	0.007409		0
4.96	0.00733412		0
4.97	0.00726002		0
4.98	0.00718668		0
4.99	0.0071141		0
5	0.00704227		0
5.01	0.00697119		0
5.02	0.00690084		0
5.03	0.00683122		0
5.04	0.00676231		0
5.05	0.00669412		0
5.06	0.00662663		0
5.07	0.00655984		0
5.08	0.00649374		0
5.09	0.00642832		0
5.1	0.00636357		0
5.11	0.00629949		0
5.12	0.00623607		0
5.13	0.00617331		0
5.14	0.00611119		0
5.15	0.00604971		0
5.16	0.00598886		0
5.17	0.00592864		0
5.18	0.00586903		0
5.19	0.00581004		0
5.2	0.00575166		0
5.21	0.00569387		0
5.22	0.00563668		0
5.23	0.00558008		0
5.24	0.00552406		0
5.25	0.00546861		0
5.26	0.00541373		0
5.27	0.00535941		0
5.28	0.00530565		0
5.29	0.00525245		0
5.3	0.00519978		0
5.31	0.00514766		0
5.32	0.00509607		0
5.33	0.00504501		0
5.34	0.00499447		0
5.35	0.00494444		0
5.36	0.00489493		0
5.37	0.00484593		0
5.38	0.00479742		0
5.39	0.00474942		0
5.4	0.0047019		0
5.41	0.00465487		0
5.42	0.00460831		0
5.43	0.00456224		0
5.44	0.00451663		0
5.45	0.00447149		0
5.46	0.00442681		0
5.47	0.00438258		0
5.48	0.00433881		0
5.49	0.00429548		0
5.5	0.00425259		0
5.51	0.00421014		0
5.52	0.00416812		0
5.53	0.00412653		0
5.54	0.00408536		0
5.55	0.00404461		0
5.56	0.00400428		0
5.57	0.00396436		0
5.58	0.00392484		0
5.59	0.00388572		0
5.6	0.003847		0
5.61	0.00380868		0
5.62	0.00377074		0
5.63	0.00373319		0
5.64	0.00369602		0
5.65	0.00365922		0
5.66	0.0036228		0
5.67	0.00358675		0
5.68	0.00355107		0
5.69	0.00351574		0
5.7	0.00348078		0
5.71	0.00344617		0
5.72	0.00341191		0
5.73	0.00337799		0
5.74	0.00334442		0
5.75	0.00331119		0
5.76	0.0032783		0
5.77	0.00324574		0
5.78	0.0032135		0
5.79	0.0031816		0
5.8	0.00315001		0
5.81	0.00311875		0
5.82	0.0030878		0
5.83	0.00305717		0
5.84	0.00302684		0
5.85	0.00299682		0
5.86	0.0029671		0
5.87	0.00293768		0
5.88	0.00290856		0
5.89	0.00287974		0
5.9	0.0028512		0
5.91	0.00282295		0
5.92	0.00279499		0
5.93	0.00276731		0
5.94	0.0027399		0
5.95	0.00271278		0
5.96	0.00268592		0
5.97	0.00265934		0
5.98	0.00263302		0
5.99	0.00260697		0
6	0		0
6.01	0		0
6.02	0		0
6.03	0		0
6.04	0		0
6.05	0		0
6.06	0		0
6.07	0		0
6.08	0		0
6.09	0		0
6.1	0		0
6.11	0		0
6.12	0		0
6.13	0		0
6.14	0		0
6.15	0		0
6.16	0		0
6.17	0		0
6.18	0		0
6.19	0		0
6.2	0		0
6.21	0		0
6.22	0		0
6.23	0		0
6.24	0		0
6.25	0		0
6.26	0		0
6.27	0		0
6.28	0		0
6.29	0		0
6.3	0		0
6.31	0		0
6.32	0		0
6.33	0		0
6.34	0		0
6.35	0		0
6.36	0		0
6.37	0		0
6.38	0		0
6.39	0		0
6.4	0		0
6.41	0		0
6.42	0		0
6.43	0		0
6.44	0		0
6.45	0		0
6.46	0		0
6.47	0		0
6.48	0		0
6.49	0		0
6.5	0		0
6.51	0		0
6.52	0		0
6.53	0		0
6.54	0		0
6.55	0		0
6.56	0		0
6.57	0		0
6.58	0		0
6.59	0		0
6.6	0		0
6.61	0		0
6.62	0		0
6.63	0		0
6.64	0		0
6.65	0		0
6.66	0		0
6.67	0		0
6.68	0		0
6.69	0		0
6.7	0		0
6.71	0		0
6.72	0		0
6.73	0		0
6.74	0		0
6.75	0		0
6.76	0		0
6.77	0		0
6.78	0		0
6.79	0		0
6.8	0		0
6.81	0		0
6.82	0		0
6.83	0		0
6.84	0		0
6.85	0		0
6.86	0		0
6.87	0		0
6.88	0		0
6.89	0		0
6.9	0		0
6.91	0		0
6.92	0		0
6.93	0		0
6.94	0		0
6.95	0		0
6.96	0		0
6.97	0		0
6.98	0		0
6.99	0		0
7	0		0
7.01	0		0
7.02	0		0
7.03	0		0
7.04	0		0
7.05	0		0
7.06	0		0
7.07	0		0
7.08	0		0
7.09	0		0
7.1	0		0
7.11	0		0
7.12	0		0
7.13	0		0
7.14	0		0
7.15	0		0
7.16	0		0
7.17	0		0
7.18	0		0
7.19	0		0
7.2	0		0
7.21	0		0
7.22	0		0
7.23	0		0
7.24	0		0
7.25	0		0
7.26	0		0
7.27	0		0
7.28	0		0
7.29	0		0
7.3	0		0
7.31	0		0
7.32	0		0
7.33	0		0
7.34	0		0
7.35	0		0
7.36	0		0
7.37	0		0
7.38	0		0
7.39	0		0
7.4	0		0
7.41	0		0
7.42	0		0
7.43	0		0
7.44	0		0
7.45	0		0
7.46	0		0
7.47	0		0
7.48	0		0
7.49	0		0
7.5	0		0
7.51	0		0
7.52	0		0
7.53	0		0
7.54	0		0
7.55	0		0
7.56	0		0
7.57	0		0
7.58	0		0
7.59	0		0
7.6	0		0
7.61	0		0
7.62	0		0
7.63	0		0
7.64	0		0
7.65	0		0
7.66	0		0
7.67	0		0
7.68	0		0
7.69	0		0
7.7	0		0
7.71	0		0
7.72	0		0
7.73	0		0
7.74	0		0
7.75	0		0
7.76	0		0
7.77	0		0
7.78	0		0
7.79	0		0
7.8	0		0
7.81	0		0
7.82	0		0
7.83	0		0
7.84	0		0
7.85	0		0
7.86	0		0
7.87	0		0
7.88	0		0
7.89	0		0
7.9	0		0
7.91	0		0
7.92	0		0
7.93	0		0
7.94	0		0
7.95	0		0
7.96	0		0
7.97	0		0
7.98	0		0
7.99	0		0
8	0		0
8.01	0		0
8.02	0		0
8.03	0		0
8.04	0		0
8.05	0		0
8.06	0		0
8.07	0		0
8.08	0		0
8.09	0		0
8.1	0		0
8.11	0		0
8.12	0		0
8.13	0		0
8.14	0		0
8.15	0		0
8.16	0		0
8.17	0		0
8.18	0		0
8.19	0		0
8.2	0		0
8.21	0		0
8.22	0		0
8.23	0		0
8.24	0		0
8.25	0		0
8.26	0		0
8.27	0		0
8.28	0		0
8.29	0		0
8.3	0		0
8.31	0		0
8.32	0		0
8.33	0		0
8.34	0		0
8.35	0		0
8.36	0		0
8.37	0		0
8.38	0		0
8.39	0		0
8.4	0		0
8.41	0		0
8.42	0		0
8.43	0		0
8.44	0		0
8.45	0		0
8.46	0		0
8.47	0		0
8.48	0		0
8.49	0		0
8.5	0		0
8.51	0		0
8.52	0		0
8.53	0		0
8.54	0		0
8.55	0		0
8.56	0		0
8.57	0		0
8.58	0		0
8.59	0		0
8.6	0		0
8.61	0		0
8.62	0		0
8.63	0		0
8.64	0		0
8.65	0		0
8.66	0		0
8.67	0		0
8.68	0		0
8.69	0		0
8.7	0		0
8.71	0		0
8.72	0		0
8.73	0		0
8.74	0		0
8.75	0		0
8.76	0		0
8.77	0		0
8.78	0		0
8.79	0		0
8.8	0		0
8.81	0		0
8.82	0		0
8.83	0		0
8.84	0		0
8.85	0		0
8.86	0		0
8.87	0		0
8.88	0		0
8.89	0		0
8.9	0		0
8.91	0		0
8.92	0		0
8.93	0		0
8.94	0		0
8.95	0		0
8.96	0		0
8.97	0		0
8.98	0		0
8.99	0		0
9	0		0
9.01	0		0
9.02	0		0
9.03	0		0
9.04	0		0
9.05	0		0
9.06	0		0
9.07	0		0
9.08	0		0
9.09	0		0
9.1	0		0
9.11	0		0
9.12	0		0
9.13	0		0
9.14	0		0
9.15	0		0
9.16	0		0
9.17	0		0
9.18	0		0
9.19	0		0
9.2	0		0
9.21	0		0
9.22	0		0
9.23	0		0
9.24	0		0
9.25	0		0
9.26	0		0
9.27	0		0
9.28	0		0
9.29	0		0
9.3	0		0
9.31	0		0
9.32	0		0
9.33	0		0
9.34	0		0
9.35	0		0
9.36	0		0
9.37	0		0
9.38	0		0
9.39	0		0
9.4	0		0
9.41	0		0
9.42	0		0
9.43	0		0
9.44	0		0
9.45	0		0
9.46	0		0
9.47	0		0
9.48	0		0
9.49	0		0
9.5	0		0
9.51	0		0
9.52	0		0
9.53	0		0
9.54	0		0
9.55	0		0
9.56	0		0
9.57	0		0
9.58	0		0
9.59	0		0
9.6	0		0
9.61	0		0
9.62	0		0
9.63	0		0
9.64	0		0
9.65	0		0
9.66	0		0
9.67	0		0
9.68	0		0
9.69	0		0
9.7	0		0
9.71	0		0
9.72	0		0
9.73	0		0
9.74	0		0
9.75	0		0
9.76	0		0
9.77	0		0
9.78	0		0
9.79	0		0
9.8	0		0
9.81	0		0
9.82	0		0
9.83	0		0
9.84	0		0
9.85	0		0
9.86	0		0
9.87	0		0
9.88	0		0
9.89	0		0
9.9	0		0
9.91	0		0
9.92	0		0
9.93	0		0
9.94	0		0
9.95	0		0
9.96	0		0
9.97	0		0
9.98	0		0
9.99	0		0
10	0		0
